0.1061696
0.106169
0.1061677
0.1061665
0.1061665
0.1061648
0.1061627
0.1061603
0.1061603
0.1061579
0.1061551
0.1061551
0.1061523
0.1061523
0.1061494
0.1061494
0.1061472
0.1061123
0.1061123
0.1061361
0.1061361
0.1061356
0.1061288
0.1061288
0.1060942
0.1060942
0.1061166
0.106116
0.106116
0.1061152
0.1060827
0.1060827
0.1061043
0.1061043
0.1061046
0.1061046
0.106104
0.1061028
0.1061028
0.1060713
0.1060713
0.1060919
0.1060919
0.1060933
0.1060941
0.1060941
0.1060931
0.1060931
0.1060912
0.1060912
0.1060898
0.106088
0.1060615
0.1060615
0.1060825
0.1060825
0.1060858
0.1060858
0.1060876
0.1060876
0.1060876
0.1060867
0.106086
0.106086
0.1060859
0.1060859
0.1060864
0.1060872
0.1060872
0.1060881
0.1060881
0.1060888
0.1060895
0.1060902
0.1060902
0.1060912
0.1060921
0.1060921
0.1060932
0.1060932
0.1060944
0.1060944
0.1060954
0.1060965
0.1060965
0.1060976
0.1060986
0.1060986
0.106074
0.106074
0.1060981
0.1060981
0.1061028
0.1061028
0.1061044
0.106105
0.106105
0.1061052
0.1061052
0.1061056
0.1061063
0.1061063
0.1061073
0.1061073
0.1061081
0.1061089
0.1061089
0.1061097
0.1061097
0.10611
0.1061105
0.1061105
0.1061109
0.1061109
0.1060845
0.1060845
0.1061086
0.1061113
0.1061113
0.1061126
0.1061128
0.1061128
0.1061122
0.1061118
0.1061118
0.1061113
0.1061113
0.1061114
0.1061115
0.1061115
0.1061114
0.1061114
0.1061112
0.1061109
0.1061109
0.1061106
0.1061106
0.1061103
0.1061098
0.1061098
0.1061094
0.1061094
0.1061089
0.1061089
0.1061087
0.1061082
0.1061082
0.106108
0.1061074
0.1061074
0.1061071
0.1061071
0.1061067
0.1061064
0.1061064
0.1061059
0.1061059
0.1061056
0.1061056
0.1061053
0.1061048
0.1061046
0.1061046
0.1061043
0.1061043
0.1061038
0.1061037
0.1061037
0.1061036
0.1061036
0.1061034
0.1061034
0.1061032
0.1061029
0.1061029
0.1061028
0.1061028
0.1061025
0.1061027
0.1061027
0.1061026
0.1061026
0.1061026
0.1061026
0.1061024
0.1061027
0.1061027
0.1061025
0.1061025
0.1061025
0.1061026
0.1061026
0.1061026
0.1061027
0.1061027
0.1061027
0.1061027
0.1061028
0.1061029
0.1061029
0.1061031
0.1061031
0.1061032
0.1061032
0.1061031
0.1061033
0.1061033
0.1061035
0.1061035
0.1061038
